image: l_in1030.pgm
resolution: 0.050000
origin: [-30.257334, -20.529358, 0.000000]
negate: 0
occupied_thresh: 0.65
free_thresh: 0.196

