image: test1129.pgm
resolution: 0.050000
origin: [-33.163410, -29.068722, 0.000000]
negate: 0
occupied_thresh: 0.65
free_thresh: 0.196

