image: wood1211.pgm
resolution: 0.050000
origin: [-15.195734, -11.291230, 0.000000]
negate: 0
occupied_thresh: 0.65
free_thresh: 0.196

