image: wood14.pgm
resolution: 0.050000
origin: [-47.744255, -23.856077, 0.000000]
negate: 0
occupied_thresh: 0.65
free_thresh: 0.196

