image: wood1212.pgm
resolution: 0.050000
origin: [-14.509066, -11.394883, 0.000000]
negate: 0
occupied_thresh: 0.65
free_thresh: 0.196

