image: c1.pgm
resolution: 0.050000
origin: [-6.276685, -4.917822, 0.000000]
negate: 0
occupied_thresh: 0.65
free_thresh: 0.196

