image: carto_out.pgm
resolution: 0.050000
origin: [-84.101013, -116.036914, 0.000000]
negate: 0
occupied_thresh: 0.65
free_thresh: 0.196

