image: demo.pgm
resolution: 0.050000
origin: [-16.100000, -22.403180, 0.000000]
negate: 0
occupied_thresh: 0.65
free_thresh: 0.196

