image: l_in.pgm
resolution: 0.050000
origin: [-38.002541, -27.174713, 0.000000]
negate: 0
occupied_thresh: 0.65
free_thresh: 0.196

