image: test1.pgm
resolution: 0.050000
origin: [-118.985779, -136.320068, 0.000000]
negate: 0
occupied_thresh: 0.65
free_thresh: 0.196

