image: test2222.pgm
resolution: 0.050000
origin: [-5.154197, -9.239677, 0.000000]
negate: 0
occupied_thresh: 0.65
free_thresh: 0.196

