image: wood15.bag.pgm
resolution: 0.050000
origin: [-46.617886, -32.596603, 0.000000]
negate: 0
occupied_thresh: 0.65
free_thresh: 0.196

