image: wood8.pgm
resolution: 0.050000
origin: [-46.766975, -31.704693, 0.000000]
negate: 0
occupied_thresh: 0.65
free_thresh: 0.196

