image: wood16.pgm
resolution: 0.050000
origin: [-49.742081, -24.501522, 0.000000]
negate: 0
occupied_thresh: 0.65
free_thresh: 0.196

